1.000000000000000000e+00 0.000000000000000000e+00 -5.421010862427522170e-20 -7.589415207398531038e-19 0.000000000000000000e+00 1.000000000000000000e+00 1.525506338004994911e-18 6.938893903907228378e-18 0.000000000000000000e+00 -3.557538378468061424e-19 1.000000000000000000e+00 0.000000000000000000e+00
9.999980295733459368e-01 -2.739285727400659828e-04 -1.750099890301010618e-03 -1.898524830604427990e-02 2.776221156164312975e-04 9.999979737210016317e-01 2.105021449226369534e-03 -2.503229031532275967e-02 1.749520433244384663e-03 -2.105499636981528113e-03 9.999959967056527566e-01 1.278732256726846872e+00
9.999979969366497023e-01 -1.751410919501903557e-03 4.510413772959364709e-05 -2.885057817970465913e-02 1.751296998152320622e-03 9.999950002722055586e-01 2.749027370670288541e-03 -4.897735840634116072e-02 -4.991826302871765417e-05 -2.748932773405825866e-03 9.999960027911446447e-01 2.564129664215542004e+00
9.999980126640092282e-01 -1.836564669936961540e-03 -9.270785411650361938e-04 -3.049989866805875860e-02 1.838332583782647037e-03 9.999969980224224786e-01 1.899913737800287480e-03 -7.456364778466617604e-02 9.235863530760031167e-04 -1.901610621604879524e-03 9.999979893135686471e-01 3.900060358234042290e+00
9.999980051838621709e-01 -1.752221263398364738e-03 -4.704740010580914624e-04 -4.279071365107320335e-02 1.753036334743707063e-03 9.999969993809195712e-01 1.728829620784655104e-03 -9.481043064240328444e-02 4.674431212631431935e-04 -1.729649836798460155e-03 9.999979954352185008e-01 5.216708164583017115e+00
9.999970160274160857e-01 -2.238203226979089411e-03 -1.036252811988816989e-03 -3.937656836475900840e-02 2.240464931645343508e-03 9.999949984866443042e-01 2.196613129905608010e-03 -1.050045192443232883e-01 1.031330164242754604e-03 -2.198933062892898492e-03 9.999969854859396268e-01 6.557058097621547788e+00
9.999940096712662818e-01 -3.454965399402265547e-03 -6.497812422882568318e-04 -4.620669809540459833e-02 3.456686126265298177e-03 9.999900021428665964e-01 2.681976027219912066e-03 -1.272420066180519616e-01 6.405083807793042743e-04 -2.684208207091315877e-03 9.999959881858669908e-01 7.886232981721216895e+00
9.999940030097924648e-01 -3.337903243461067850e-03 -2.903617375635958583e-04 -5.717709887322330181e-02 3.338963815468838636e-03 9.999879982149501023e-01 3.672648307842081832e-03 -1.562839990044287974e-01 2.780998100265383256e-04 -3.673581672834123901e-03 9.999929987752576022e-01 9.198731732190013943e+00
9.999970239702680175e-01 -2.201194624374820143e-03 -1.210702099295100052e-03 -6.237439805018774042e-02 2.204497956164594256e-03 9.999939925256158268e-01 2.738968163273985956e-03 -1.795669993275609277e-01 1.204663254653518239e-03 -2.741629549131667856e-03 9.999959835041161149e-01 1.053836526747982560e+01
1.000000001063118482e+00 -3.598989694419503158e-04 -4.104729776465401627e-04 -7.232362278813990464e-02 3.600377347980953172e-04 9.999999999522924954e-01 3.372992198425137653e-04 -2.105512969287651470e-01 4.103507185737612843e-04 -3.374472793408994750e-04 9.999999989845889115e-01 1.186000745568155956e+01
9.999969938610815401e-01 2.397634650417306001e-03 -9.165390687851785768e-04 -8.298584767708923338e-02 -2.398291137644781301e-03 9.999969894394032943e-01 -7.065155105094331287e-04 -2.375008095110081041e-01 9.148418544100795843e-04 7.087165405433866038e-04 9.999990166995151863e-01 1.320931756189630590e+01
9.999899949049922965e-01 4.342329942311875038e-03 -8.504957505851549505e-04 -9.878578256437459126e-02 -4.342810012529344649e-03 9.999899769763398449e-01 -5.662782134380506824e-04 -2.431847147424766875e-01 8.480285982403344604e-04 5.699663753770542940e-04 9.999990281186678098e-01 1.453630952455227110e+01
9.999900021438318243e-01 4.532858777170477999e-03 -3.283455282791369217e-04 -9.484738241568219097e-02 -4.532711960397240933e-03 9.999899873998358002e-01 4.394683489844688606e-04 -2.710766634998850177e-01 3.303344674236075224e-04 -4.379727349493998554e-04 1.000000010456332467e+00 1.587417914404292141e+01
9.999960137591854537e-01 2.811084438349093287e-03 -3.495715345514875108e-04 -9.527134391301006477e-02 -2.809959095393166351e-03 9.999909826437980431e-01 3.179035777839598481e-03 -2.906899113643216515e-01 3.585058080405995572e-04 -3.178036207003928724e-03 9.999950035970164297e-01 1.722881802030790865e+01
9.999989894653634748e-01 -1.469607943916828759e-03 2.338925998166130750e-04 -9.623259163155971352e-02 1.468607611876628603e-03 9.999900052430126252e-01 4.256618498042068731e-03 -3.116075350955759826e-01 -2.401459873381228119e-04 -4.256261858927444693e-03 9.999910052916237690e-01 1.857783345832019606e+01
9.999959974208509905e-01 -2.706589168689505637e-03 -6.165801961325581473e-05 -9.623304302126685361e-02 2.706801366444695767e-03 9.999899993981123947e-01 3.564420924620666925e-03 -3.445644277257866595e-01 5.201054280203602385e-05 -3.564580649914475888e-03 9.999940031810367058e-01 1.992287388576959373e+01
9.999919965071418781e-01 -4.022969097981075014e-03 1.673276415092145569e-04 -1.001763023384553697e-01 4.022783356225845958e-03 9.999909963724410433e-01 1.051349695251878021e-03 -3.584508467936675657e-01 -1.715557931190918252e-04 -1.050670781429040692e-03 9.999990071204168940e-01 2.127615049302974271e+01
9.999979962255470811e-01 -1.831954930832502444e-03 3.535945929308953982e-04 -1.066743008949340432e-01 1.831598271303257024e-03 9.999979981771510706e-01 1.000078015584585436e-03 -3.971517069359642438e-01 -3.554259098725299462e-04 -9.994174754124056804e-04 9.999990055973019265e-01 2.264201071768176732e+01
9.999999899522401536e-01 3.493868023056526106e-04 6.230921149886069644e-04 -1.172241221576701270e-01 -3.506903515305623276e-04 9.999980119187970029e-01 2.093313721729232659e-03 -4.060227255088358356e-01 -6.223588370674379812e-04 -2.093528952739888167e-03 9.999979981289628395e-01 2.400822219383667289e+01
9.999979106641443405e-01 7.742648603907536370e-04 1.993002318900369014e-03 -1.181688013417995925e-01 -7.857101375808618615e-04 9.999831026417456137e-01 5.745831581178319734e-03 -4.215024131431978627e-01 -1.988520756011300135e-03 -5.747397658940561413e-03 9.999819866941099811e-01 2.535962020041256082e+01
9.999968931483819157e-01 -1.514847395060804972e-03 1.963241563440066423e-03 -1.238184447734644450e-01 1.502063312704363801e-03 9.999780812723011447e-01 6.500384834603713073e-03 -4.371747217433049615e-01 -1.973047152250620006e-03 -6.497405127085998343e-03 9.999770255793168916e-01 2.673750185579723038e+01
9.999868685110524513e-01 -4.571278649411195626e-03 2.345563536087924648e-03 -1.242262528052314602e-01 4.556584321945766729e-03 9.999700413080366834e-01 6.229716741509497627e-03 -4.752872184147518553e-01 -2.373970472024570025e-03 -6.218946052710755401e-03 9.999780901809107725e-01 2.810067355432189373e+01
9.999859295628756861e-01 -5.019438443988038373e-03 1.727525486428448456e-03 -1.244601236442667014e-01 5.011958618393014264e-03 9.999779977973464185e-01 4.302915284370834210e-03 -4.736873395644741191e-01 -1.749086080542117637e-03 -4.294196520262396656e-03 9.999890726397777652e-01 2.947853970970763271e+01
9.999829514733100666e-01 -5.080504677951801912e-03 2.837467054844202731e-03 -1.241845857964572197e-01 5.075102816346918622e-03 9.999849398938197576e-01 1.904890471955793252e-03 -5.091815152867601446e-01 -2.847109041488063864e-03 -1.890460612219819385e-03 9.999941086328701934e-01 3.085274283082188873e+01
9.999939731229935402e-01 -1.795243496897122593e-03 3.068796147217048818e-03 -1.471279133197043731e-01 1.792063985180182215e-03 9.999979865944300661e-01 1.037034951416514411e-03 -5.153258324446854388e-01 -3.070643790346054731e-03 -1.031535557266710515e-03 9.999950402825762419e-01 3.224689086459031273e+01
9.999930114966002481e-01 -1.562154157198765783e-03 3.384351150747075699e-03 -1.467907505377359645e-01 1.563588389750069328e-03 9.999989508533361215e-01 -4.192433971420818318e-04 -5.435512355659476436e-01 -3.383697237649720396e-03 4.245381489859847567e-04 9.999940376500637829e-01 3.363600114352863812e+01
9.999930031231450966e-01 -3.567239390616103525e-04 3.740291122640935790e-03 -1.502341872827859803e-01 3.571652674444186076e-04 9.999999876220804218e-01 -1.171635289488001821e-04 -5.611739879923132168e-01 -3.740247452830561172e-03 1.184993252179324910e-04 9.999930092547744120e-01 3.501378985294402924e+01
9.999949766246954974e-01 -1.623397254505055433e-03 2.750252531238386519e-03 -1.600573457258144261e-01 1.620629557784207010e-03 9.999979906762729298e-01 1.005684288941410256e-03 -5.868543032673103621e-01 -2.751885579353434072e-03 -1.001231178690489051e-03 9.999960326990314785e-01 3.642369519132594036e+01
9.999959491412974133e-01 1.012138004353131671e-03 2.695477197855090327e-03 -1.657503456422814436e-01 -1.018569765002903457e-03 9.999970717838022605e-01 2.384262226550332153e-03 -6.224760152085523357e-01 -2.693047214036296128e-03 -2.386995219452245267e-03 9.999939790749002855e-01 3.781599962718306784e+01
9.999929694597384788e-01 2.919582933527207352e-03 2.398271557037054934e-03 -1.667476318550069336e-01 -2.923654837210671806e-03 9.999940830979822115e-01 1.696841424744128688e-03 -6.425883328914484549e-01 -2.393304149027113310e-03 -1.703847861779950873e-03 9.999959474422793759e-01 3.922003429882485648e+01
9.999859606471954709e-01 4.652522832626303922e-03 2.393244465534953569e-03 -1.705408548242603739e-01 -4.658044209748274378e-03 9.999861237243191647e-01 2.309254709050673378e-03 -6.563846915815394478e-01 -2.382464507129302897e-03 -2.320378019144262241e-03 9.999949156284854146e-01 4.062873853938304336e+01
9.999759377169338270e-01 6.151951218505896657e-03 3.212182462379579561e-03 -1.728862399543842077e-01 -6.160662443847428338e-03 9.999772109474861503e-01 2.707644377892862338e-03 -6.713460789884432289e-01 -3.195458843572356045e-03 -2.727365615959555321e-03 9.999908513355799666e-01 4.201403424361636496e+01
9.999709499614581887e-01 7.268540489370306848e-03 2.481739049192817955e-03 -1.891791289867810200e-01 -7.276088862093686369e-03 9.999691878392831246e-01 3.042755290330135219e-03 -6.935794053402628556e-01 -2.459546374483144102e-03 -3.060711168673690280e-03 9.999918621992586187e-01 4.343010820120431958e+01
9.999779529905100661e-01 6.142163416916646135e-03 2.338169044448386562e-03 -1.970311726960400633e-01 -6.149096574193246498e-03 9.999771571990071495e-01 2.978326002573763141e-03 -7.112066129154664962e-01 -2.319818602789727388e-03 -2.992630476922883160e-03 9.999928898104826214e-01 4.483222661424053967e+01
9.999829869701674090e-01 5.738076762518192625e-03 1.029417619588563100e-03 -2.109250001936124330e-01 -5.740540661469561989e-03 9.999810604002978831e-01 2.413054770522337755e-03 -7.409167910492807652e-01 -1.015549987154820699e-03 -2.418915813718120443e-03 9.999969526295348077e-01 4.624930403168202986e+01
9.999909863758782436e-01 4.261467270289821460e-03 8.287133623914892319e-04 -2.140106752931593692e-01 -4.263972129612094916e-03 9.999860440271202133e-01 3.032269784509739052e-03 -7.636079541573226326e-01 -8.157804889107515096e-04 -3.035782522031886792e-03 9.999949695970016261e-01 4.765424530718836849e+01
9.999860258818324965e-01 5.325315848899761853e-03 -5.435797375409926694e-04 -2.100069299735546624e-01 -5.323326220232901113e-03 9.999789603366509017e-01 3.618307179235633140e-03 -7.856666306515824871e-01 5.628366036335255866e-04 -3.615355745849504338e-03 9.999930137815166153e-01 4.906320457282527059e+01
9.999820598782503955e-01 5.800876935312769891e-03 -1.436864073172512690e-03 -2.131354599296443886e-01 -5.794947598034705036e-03 9.999748888882616926e-01 4.096606152744714478e-03 -8.100681099799645901e-01 1.460595426275184718e-03 -4.088212000926687469e-03 9.999910512334878598e-01 5.048145046095827126e+01
9.999780962873238144e-01 6.246760579255255380e-03 -2.292873950640508980e-03 -2.236973796276795767e-01 -6.236557047998390196e-03 9.999708107407510038e-01 4.430198960753813087e-03 -8.329867254138046961e-01 2.320484864694777848e-03 -4.415788659946179653e-03 9.999870929719252288e-01 5.188991708589734486e+01
9.999801636974127161e-01 5.113886899398926641e-03 -3.768979124375518557e-03 -2.387757944581440639e-01 -5.095182999993419851e-03 9.999747075096327986e-01 4.957199323481382112e-03 -8.351656415371963016e-01 3.794231636562346577e-03 -4.937885848611313529e-03 9.999801287929545035e-01 5.332943130261251241e+01
9.999812218349510839e-01 4.733536823035110544e-03 -3.905029582050892692e-03 -2.456440769379875932e-01 -4.708032731101060783e-03 9.999676576178574416e-01 6.513646091570187736e-03 -8.687085377777883366e-01 3.935736083475919328e-03 -6.495141131445981986e-03 9.999711205471915054e-01 5.474104071116208559e+01
9.999832531427244042e-01 3.119122099928251651e-03 -4.784601845825922628e-03 -2.573929426228447337e-01 -3.089022247854454270e-03 9.999756480947633586e-01 6.283162066456468055e-03 -8.910442170472692158e-01 4.804076870805572622e-03 -6.268274121076552324e-03 9.999690987625121652e-01 5.617094418884577323e+01
9.999832554439243015e-01 1.716114289362113618e-03 -5.483172854015065829e-03 -2.665997564084539584e-01 -1.685082801733146091e-03 9.999826819557681157e-01 5.657495372943443721e-03 -9.219791312800732497e-01 5.492788243117291240e-03 -5.648156859438227713e-03 9.999690626003073790e-01 5.759720503576333783e+01
9.999861728298548025e-01 1.851515907808248471e-03 -4.928915677044844526e-03 -2.860437901444386477e-01 -1.830565787642684725e-03 9.999897655078275882e-01 4.250559287923644236e-03 -9.566624409581221400e-01 4.936732656589359371e-03 -4.241474575685520373e-03 9.999790616623176476e-01 5.902387573469096793e+01
9.999852228531969089e-01 1.242261390170772140e-03 -5.226256524684592952e-03 -2.901233936161548566e-01 -1.215061331405533143e-03 9.999857341555276058e-01 5.201728781240963495e-03 -9.882413353984362825e-01 5.232642392854609109e-03 -5.195306517425424785e-03 9.999730429912754293e-01 6.045163509375071698e+01
9.999852731810054962e-01 -2.427015470114399914e-03 -4.950395916794322546e-03 -3.026295941167970738e-01 2.461746183815567701e-03 9.999728069416242704e-01 7.021601718355955160e-03 -9.927676435063659266e-01 4.933216987932339918e-03 -7.033674643210245658e-03 9.999629198773698491e-01 6.187783485882621193e+01
9.999842368940662363e-01 -3.220731518586059626e-03 -4.521017601850230681e-03 -3.112780536670068376e-01 3.251255624580967445e-03 9.999718591448055749e-01 6.760723708052150498e-03 -1.020833948403378377e+00 4.499112606624719631e-03 -6.775318295441322240e-03 9.999669039611281951e-01 6.330708384142205603e+01
9.999841226810946004e-01 -4.096899662185767357e-03 -3.872500486981231890e-03 -3.248426334005106719e-01 4.113098715721772575e-03 9.999829841649406914e-01 4.184916512128129297e-03 -1.049190415625615103e+00 3.855287675128651111e-03 -4.200768448971601773e-03 9.999838931539646314e-01 6.470836344792050454e+01
9.999950943012486659e-01 -1.677874781260514821e-03 -2.743633217883485655e-03 -3.364031139885255151e-01 1.689937822903178621e-03 9.999889358852575016e-01 4.402719601595633803e-03 -1.089613864672876131e+00 2.736214962114314267e-03 -4.407336272977993921e-03 9.999869698134935536e-01 6.610798963210490342e+01
9.999970627155079228e-01 -4.255022802867628948e-04 -2.391970791947692961e-03 -3.456177384227058225e-01 4.333297574110666836e-04 9.999949442363548213e-01 3.270278301846395261e-03 -1.138669036186920280e+00 2.390563860463730712e-03 -3.271307339159659766e-03 9.999919930481372399e-01 6.750913762192013223e+01
9.999970073993867947e-01 -1.572879110066755307e-03 -1.995115636720522657e-03 -3.639415300693194522e-01 1.573855372020967723e-03 9.999990149267307116e-01 4.881914952265058150e-04 -1.254043863525406755e+00 1.994347756371678444e-03 -4.913260982564102153e-04 9.999979776738827653e-01 6.892870351187623612e+01
9.999910616955793863e-01 4.088794521574568019e-03 -1.209587889082473257e-03 -3.671760028245273366e-01 -4.082518020027996880e-03 9.999789109456661551e-01 5.141596622016671690e-03 -1.219969485719140545e+00 1.230581036255686943e-03 -5.136610540994322911e-03 9.999860273587545256e-01 7.034691477728314624e+01
9.999770161013913361e-01 6.823402391999812064e-03 1.479015643447037596e-04 -3.856238015285420873e-01 -6.824217789902269071e-03 9.999560076416385002e-01 6.428775948851926138e-03 -1.236303890424509833e+00 -1.040294637282886277e-04 -6.429631583113657942e-03 9.999789762569700757e-01 7.175505139464827664e+01
9.999459983832894583e-01 1.034740346213006493e-02 7.085174909740130523e-04 -3.992070463272657799e-01 -1.035183060893003076e-02 9.999250780826018925e-01 6.513779405502794460e-03 -1.257922952093927016e+00 -6.410633940297859974e-04 -6.520770297116130695e-03 9.999789235341084437e-01 7.316442693171148903e+01
9.999039878979583129e-01 1.381123827982395566e-02 1.143250561586142775e-03 -4.093974663612617859e-01 -1.381780849334448939e-02 9.998871520651315681e-01 5.929486305031875064e-03 -1.283203544567752985e+00 -1.061227336415336651e-03 -5.944714314149813182e-03 9.999818600369101418e-01 7.457361432946372304e+01
9.998609553971350428e-01 1.652976313288387344e-02 2.039843160775710838e-03 -4.194993722887915832e-01 -1.654108061731994830e-02 9.998473155180165328e-01 5.691748968098014894e-03 -1.310092750749532797e+00 -1.945446086928555481e-03 -5.724689995008034986e-03 9.999817290848486140e-01 7.597606346461755322e+01
9.998359379068936237e-01 1.794541302498386948e-02 2.389541127543512878e-03 -4.250279020773417016e-01 -1.796001307011164949e-02 9.998194040716169573e-01 6.247698212363178571e-03 -1.337281409467327320e+00 -2.276998219273699588e-03 -6.289589627657434651e-03 9.999776580214894128e-01 7.737566957858517469e+01
9.998299287010866676e-01 1.828609990210883912e-02 2.540578892301351231e-03 -4.281180074998046092e-01 -1.830228492576198296e-02 9.998114412066078094e-01 6.517539745920236313e-03 -1.362606001466260652e+00 -2.420911095727237752e-03 -6.562924223166956630e-03 9.999756300923053898e-01 7.877040701783550958e+01
9.998359390790296786e-01 1.795297806192710371e-02 2.412096613357745962e-03 -4.290638966979759550e-01 -1.796712634861745081e-02 9.998204042135429015e-01 5.967993046924391885e-03 -1.383676937255143624e+00 -2.304522824302820266e-03 -6.010368902005538277e-03 9.999796567074272780e-01 8.016282528038973965e+01
9.998449660383704751e-01 1.749952090627760609e-02 1.851906650898418666e-03 -4.303200938830241129e-01 -1.750989816143452490e-02 9.998302964848018171e-01 5.727337076378520575e-03 -1.408443836444725150e+00 -1.751365443180805592e-03 -5.758873378463882919e-03 9.999817374768277256e-01 8.155300464571487851e+01
9.998499789094961177e-01 1.723476586493895638e-02 1.547213098365514058e-03 -4.339511788509272106e-01 -1.724355715322548749e-02 9.998342425289141744e-01 5.819461485864770023e-03 -1.433353456958351479e+00 -1.446658942673222223e-03 -5.845271416734207012e-03 9.999817785615897625e-01 8.293556132033347694e+01
9.998540023353768014e-01 1.706815558466990429e-02 1.036727105412146551e-03 -4.382405540905258134e-01 -1.707394685939656043e-02 9.998371538972816719e-01 5.778286998809507857e-03 -1.461015041412677240e+00 -9.379339245049017311e-04 -5.795145972367634138e-03 9.999828437673413672e-01 8.431500874006388813e+01
9.998530292148657406e-01 1.716220861115539537e-02 5.006119875123797927e-04 -4.455874911969549546e-01 -1.716496162916324869e-02 9.998340629368474008e-01 6.018426653081250868e-03 -1.486193609966063534e+00 -3.972405634565416089e-04 -6.026143594721722688e-03 9.999819078482867774e-01 8.569355939010713996e+01
9.998540909050100955e-01 1.706397668884759161e-02 -5.966021140952435658e-04 -4.541891372152942474e-01 -1.705961604255321062e-02 9.998328690132710639e-01 6.561760709375194685e-03 -1.512809409333381927e+00 7.084720205287162349e-04 -6.550617892010579014e-03 9.999780400817188664e-01 8.707208953750395608e+01
9.998641984896620150e-01 1.635501387254259531e-02 -2.000377266010367611e-03 -4.587635402798554418e-01 -1.633850748612766801e-02 9.998346068622145921e-01 7.989300965064940682e-03 -1.535681892895774059e+00 2.130709083953204359e-03 -7.955533084492909940e-03 9.999661946481236408e-01 8.844949683993667122e+01
9.998792937840235151e-01 1.523502624370978720e-02 -2.969293415029931014e-03 -4.650991301098093555e-01 -1.520729019173166184e-02 9.998424262470763102e-01 9.141522500991483557e-03 -1.558587184197457010e+00 3.108091963766747290e-03 -9.095281118110752280e-03 9.999542799689000727e-01 8.982201409654582847e+01
9.998993887774189071e-01 1.360193311766653111e-02 -4.014861725834064504e-03 -4.751396944542832235e-01 -1.356208217759715881e-02 9.998602637581212038e-01 9.788084982661740888e-03 -1.578796159770015306e+00 4.147432453704978476e-03 -9.732656187923295968e-03 9.999443474644600371e-01 9.119308180686522292e+01
9.999154273614577759e-01 1.220154777741635013e-02 -4.514652836726204023e-03 -4.846008992474409860e-01 -1.215619501038598185e-02 9.998772189873970095e-01 9.929156679501761895e-03 -1.600649858226060651e+00 4.635245302795728238e-03 -9.873431045979295245e-03 9.999403536511451973e-01 9.255886039285914535e+01
9.999264710177919735e-01 1.097874034668653784e-02 -5.239601124694561948e-03 -4.966677575732506567e-01 -1.092712329841934171e-02 9.998921540438733269e-01 9.778685361739009041e-03 -1.621017089744780648e+00 5.346392961939139613e-03 -9.720706315837181893e-03 9.999383749383345954e-01 9.392047043486734026e+01
9.999314567013771748e-01 1.043314103277063858e-02 -5.363832527555693376e-03 -5.100694979544314611e-01 -1.038267403991597650e-02 9.999021763466009460e-01 9.359271535542302081e-03 -1.637339973478044941e+00 5.460949789058072885e-03 -9.302922692878133268e-03 9.999413669520219594e-01 9.527741943313370143e+01
9.999344483629918345e-01 1.001782426108717254e-02 -5.528055668742076073e-03 -5.217724177684739395e-01 -9.967891904944525122e-03 9.999101864280487417e-01 8.985710938997805777e-03 -1.657329660743681599e+00 5.617572724867514466e-03 -8.930018261752006858e-03 9.999443652089592405e-01 9.663263921400526613e+01
9.999334056741980836e-01 1.028657106104069983e-02 -5.304114433273278764e-03 -5.370911437721375137e-01 -1.024169589332098694e-02 9.999122333256457162e-01 8.423897086152192654e-03 -1.680131845870112661e+00 5.390294793448779237e-03 -8.369012578451229950e-03 9.999503610001562182e-01 9.798414712727650056e+01
9.999293847436495630e-01 1.091396470304897663e-02 -4.755609049175084195e-03 -5.537675722436611325e-01 -1.087223241422470912e-02 9.999032758764097029e-01 8.719445846564284966e-03 -1.695600728918792433e+00 4.850301121558968191e-03 -8.667118185867692462e-03 9.999503393799406004e-01 9.933125473094342794e+01
9.999224400421996561e-01 1.157686844248421131e-02 -4.616232521883975766e-03 -5.675211534294739568e-01 -1.152971976001517310e-02 9.998822170956139788e-01 1.011253967612126860e-02 -1.716614752405179800e+00 4.732765528493567374e-03 -1.005850109268061066e-02 9.999383428621863024e-01 1.006799612714722372e+02
9.999134945390234508e-01 1.239408832984028111e-02 -4.455460880678432586e-03 -5.819035573322614008e-01 -1.234188499379987314e-02 9.998571591416425264e-01 1.154670989073977930e-02 -1.733111263383259937e+00 4.597933597191281897e-03 -1.149072778111931079e-02 9.999233463193341054e-01 1.020187970416007772e+02
9.999085085760867075e-01 1.268020674488885835e-02 -4.630250701481567963e-03 -5.954222767285353157e-01 -1.262638615383994065e-02 9.998541204115143355e-01 1.146953632534303789e-02 -1.748018860791229034e+00 4.775008410878904541e-03 -1.141001695244246023e-02 9.999233710123989205e-01 1.033577368618455239e+02
9.999074251776457478e-01 1.279008015379914931e-02 -4.534081157583687120e-03 -6.095799130272163691e-01 -1.274522274487557318e-02 9.998712010707694331e-01 9.790254766246852397e-03 -1.764029758502454470e+00 4.658712865525581510e-03 -9.731552641997607070e-03 9.999413737515847611e-01 1.046917603322590224e+02
9.999133540949219912e-01 1.241848224405359309e-02 -4.400918993353706773e-03 -6.195162410467415226e-01 -1.238109990454431056e-02 9.998882886617643795e-01 8.424636000471042580e-03 -1.780715836606297175e+00 4.505053091439020600e-03 -8.369406626996971077e-03 9.999543572433137184e-01 1.060227573332473554e+02
9.999283545480960322e-01 1.113797962257562744e-02 -4.326797807832141740e-03 -6.304055792340393927e-01 -1.110009165463542342e-02 9.999003330011694279e-01 8.676096783096521117e-03 -1.801524350486173098e+00 4.422996629669805231e-03 -8.627455675451209741e-03 9.999533124507344883e-01 1.073526306809302469e+02
9.999513647394302485e-01 9.109526437170469698e-03 -3.851733479764205773e-03 -6.367183442907732305e-01 -9.070240580570055819e-03 9.999074168964184883e-01 1.010122558004292702e-02 -1.815910332489886425e+00 3.943393465755957138e-03 -1.006576373097977685e-02 9.999412183641512852e-01 1.086814740800634098e+02
9.999703384161765518e-01 7.052690469201960619e-03 -3.203916440457537859e-03 -6.461232139008590281e-01 -7.016054473644263434e-03 9.999115295784962720e-01 1.130423315966414856e-02 -1.833497345052752303e+00 3.283358411498880219e-03 -1.128136865322437211e-02 9.999311320053273500e-01 1.100133067448114872e+02
9.999822535283284797e-01 5.382042430752626352e-03 -2.435486971398837831e-03 -6.515641358635614333e-01 -5.354716117587525470e-03 9.999236757549998522e-01 1.109376727084541991e-02 -1.849491590892628379e+00 2.495005240464216040e-03 -1.108052121749183473e-02 9.999350707166716479e-01 1.113422312592834658e+02
9.999831092811727329e-01 5.604741686249473803e-03 -1.211055363225911749e-03 -6.587284487690152623e-01 -5.594329180116765568e-03 9.999488602094778189e-01 8.428483051112923424e-03 -1.860465643608778086e+00 1.258234410994902609e-03 -8.421566148513737887e-03 9.999640305093493442e-01 1.126583325768390722e+02
9.999439997686496717e-01 -1.052997338105575269e-02 -6.679632313865266260e-04 -6.635941120077150090e-01 1.053097858342572773e-02 9.999430399249540358e-01 1.645188311022961628e-03 -2.104237388841243117e+00 6.506009310245565880e-04 -1.652120776835465724e-03 9.999979603063967604e-01 1.139729921837433579e+02
9.998149671287576146e-01 -1.920059835092020883e-02 6.096661442672288329e-04 -6.768609486787559026e-01 1.919919019211724712e-02 9.998129168006234524e-01 2.314952430876397824e-03 -2.192949600598709470e+00 -6.540005366431926245e-04 -2.302816620245141770e-03 9.999971160706192519e-01 1.152933393757405440e+02
9.997798601782695860e-01 -2.088935223530573315e-02 1.932829610026685907e-03 -6.781154557540274297e-01 2.087868007306739604e-02 9.997677814598988633e-01 5.357778329424833438e-03 -2.150244758756781227e+00 -2.044298235573064042e-03 -5.316244381493977385e-03 9.999833583618313870e-01 1.166344928314218095e+02
9.998327433677247633e-01 -1.803497128079196293e-02 3.094757556593745983e-03 -6.799353357291911815e-01 1.801120186650337351e-02 9.998097795310985081e-01 7.541187999888354816e-03 -2.159281739086810870e+00 -3.230173423663358981e-03 -7.484174779663030873e-03 9.999664771011766984e-01 1.179693227548161474e+02
9.998566616618788094e-01 -1.649369812142361530e-02 3.883934937381224202e-03 -6.807214611838867668e-01 1.646007201325651315e-02 9.998278019442438103e-01 8.551745977369584056e-03 -2.177744021020172394e+00 -4.024319519291559566e-03 -8.486590369250032045e-03 9.999555363938774644e-01 1.193051560024708522e+02
9.998646030054556544e-01 -1.578514911197323456e-02 4.617205859395099449e-03 -6.795156104935928809e-01 1.574414278427556033e-02 9.998377993932583419e-01 8.791443699377458204e-03 -2.192476917624644361e+00 -4.755225603205784878e-03 -8.717547990149940307e-03 9.999505976012861286e-01 1.206380609418942527e+02
9.998745272878410972e-01 -1.465966169081077408e-02 5.982872853900685593e-03 -6.808844037977206387e-01 1.460850496870143289e-02 9.998567774183335644e-01 8.497461950101111924e-03 -2.208798547236547893e+00 -6.106582535412937232e-03 -8.408991975349373524e-03 9.999456952938251542e-01 1.219599782158869630e+02
9.998895054928612636e-01 -1.310522564894280560e-02 6.947465696658023694e-03 -6.813482273996509520e-01 1.305021402073349053e-02 9.998837875064972014e-01 7.907686487353387389e-03 -2.227568154978979642e+00 -7.050283975337509612e-03 -7.816150003613466304e-03 9.999447070006414195e-01 1.232858995635482415e+02
9.998934613981237396e-01 -1.198767793671036419e-02 8.368012065629556670e-03 -6.805657652861040185e-01 1.192638406331801570e-02 9.999017743996566621e-01 7.336843945393470984e-03 -2.246795080033549219e+00 -8.455143705345389768e-03 -7.236261362133722223e-03 9.999377642022194701e-01 1.246088090086532389e+02
9.998914376392485925e-01 -1.138259216896198370e-02 9.323695815003592291e-03 -6.777217387425056305e-01 1.131793201258689263e-02 9.999117616824725330e-01 6.959452039827260933e-03 -2.258202530062590085e+00 -9.402079415898928830e-03 -6.853182617918542920e-03 9.999328006782789435e-01 1.259407691030195195e+02
9.998854093989907321e-01 -1.116334883333309699e-02 1.021818025611260540e-02 -6.728626918076462404e-01 1.109502347373368669e-02 9.999157356225496507e-01 6.718670080379351116e-03 -2.277324038046581567e+00 -1.029231938648106012e-02 -6.604530688958169977e-03 9.999248549784597317e-01 1.272756649973589447e+02
9.998812728864155952e-01 -1.064517896819019635e-02 1.117314457664161757e-02 -6.654591156430805787e-01 1.056034905989497105e-02 9.999148361412705244e-01 7.619140052835553581e-03 -2.299130799675035419e+00 -1.125327647934121211e-02 -7.500248267627202675e-03 9.999088909723141683e-01 1.286124730993776666e+02
9.998711197312301069e-01 -1.089585924189984123e-02 1.179541847837058816e-02 -6.560640237884131087e-01 1.079292047928483156e-02 9.999039148050830050e-01 8.750608164437661401e-03 -2.315070209876926466e+00 -1.188961112857503562e-02 -8.622168101799210921e-03 9.998919654636867493e-01 1.299523135132551772e+02
9.998629866810053723e-01 -1.101379797216434087e-02 1.238547787670445273e-02 -6.421968094511887326e-01 1.089500652519817016e-02 9.998939874012567897e-01 9.613744096607382272e-03 -2.335458516895343450e+00 -1.249002871519603805e-02 -9.477491084523045894e-03 9.998770259177377495e-01 1.312911359011445427e+02
9.998539056279697190e-01 -1.189707622920914594e-02 1.227963176525288108e-02 -6.294748145400078654e-01 1.176927476602226269e-02 9.998759895732998171e-01 1.043313165590124131e-02 -2.352192315665988964e+00 -1.240226645499279898e-02 -1.028708741933206591e-02 9.998701047987305079e-01 1.326339982204923444e+02
9.998338532252771804e-01 -1.368317395566539738e-02 1.203323308082573408e-02 -6.191457314947932389e-01 1.355042782684474922e-02 9.998468933098191291e-01 1.104909630609356153e-02 -2.360916620617276696e+00 -1.218253593680176244e-02 -1.088419590430115234e-02 9.998662534649034317e-01 1.339769335956925715e+02
9.998138581104458744e-01 -1.544983856861875671e-02 1.158264650506811433e-02 -6.071097389867509131e-01 1.531903677788122586e-02 9.998187712958532813e-01 1.130396227215115304e-02 -2.372166404913075954e+00 -1.175519511076100754e-02 -1.112442290636229091e-02 9.998693705937008458e-01 1.353178745245899677e+02
9.998119465889729884e-01 -1.628874405601707376e-02 1.048103049095757897e-02 -5.959735332717752687e-01 1.616941916287657766e-02 9.998047345500159500e-01 1.136427356802744565e-02 -2.391074397345882563e+00 -1.066404762320854321e-02 -1.119271507433839546e-02 9.998803188610110304e-01 1.366597806014264620e+02
9.998000144658735211e-01 -1.760952158763495062e-02 9.460867790140048417e-03 -5.858106236473799022e-01 1.749961955561247368e-02 9.997796837641561574e-01 1.157894063569426743e-02 -2.398357001636742591e+00 -9.662687423168581438e-03 -1.141111028654031266e-02 9.998883017699704556e-01 1.380007604795224836e+02
9.997861203610262093e-01 -1.903368663518771250e-02 8.139033260417373808e-03 -5.772292254839024306e-01 1.893790316501212795e-02 9.997526485687975306e-01 1.169206127832918968e-02 -2.405186512887064865e+00 -8.359568013282863905e-03 -1.153541919452325502e-02 9.998982310701761689e-01 1.393487539183713864e+02
9.997702299843236329e-01 -2.027365603023099233e-02 6.961217127070869030e-03 -5.693669537320090734e-01 2.019212728077076149e-02 9.997286282994691797e-01 1.159512239051245334e-02 -2.414022777012850174e+00 -7.194402118474521775e-03 -1.145187421950179078e-02 9.999081417162068997e-01 1.406897430653579306e+02
9.997653634450270888e-01 -2.092167180742634039e-02 5.574745587665812588e-03 -5.681108846686256930e-01 2.085684887482466485e-02 9.997166669937336270e-01 1.142713367705351646e-02 -2.426794708021824842e+00 -5.812240734230656944e-03 -1.130818866748675190e-02 9.999189695612391571e-01 1.420337130387191564e+02
9.997674812930309463e-01 -2.111239975845092057e-02 4.311677549379138406e-03 -5.701896078317593153e-01 2.106219398648239566e-02 9.997137321141186250e-01 1.137616855432746141e-02 -2.440338854976014549e+00 -4.550618629756386993e-03 -1.128276133732203888e-02 9.999257865928503630e-01 1.433816697826250106e+02
9.997476151819355561e-01 -2.220126174124199825e-02 3.498266041543257859e-03 -5.660556427267121604e-01 2.216628669485822337e-02 9.997067036458402445e-01 9.732830409267001839e-03 -2.458682892912802398e+00 -3.713326173690266897e-03 -9.652836214773606593e-03 9.999466811722240722e-01 1.447276782553688292e+02
9.996566970486874260e-01 -2.602459421873427881e-02 2.908886089412697148e-03 -5.647717016855667849e-01 2.599980675352873277e-02 9.996276281994384005e-01 8.279225371828170116e-03 -2.473939122101211474e+00 -3.123263614768293818e-03 -8.200766498120532627e-03 9.999616747518741411e-01 1.460776953752119027e+02
9.995377324697967136e-01 -3.035800741834333155e-02 1.923601476472195509e-03 -5.524704737545002020e-01 3.034035156443295675e-02 9.995026824845045788e-01 8.627566890589822082e-03 -2.486312617522442370e+00 -2.184565251926893700e-03 -8.565211325339485912e-03 9.999605850456988465e-01 1.474286260265602095e+02
9.993658118658781397e-01 -3.560216913100927583e-02 1.867307898051228016e-04 -5.372594521960141201e-01 3.559879037109368871e-02 9.993219199403471364e-01 9.455688761743659757e-03 -2.500310850153939946e+00 -5.232467625894692172e-04 -9.443033072891045612e-03 9.999552681937747822e-01 1.487805222424180727e+02
9.991778981307884999e-01 -4.053395102637086939e-02 -1.122989089873529644e-03 -5.329021430862322939e-01 4.054205531948445324e-02 9.991411868848460998e-01 8.593942909344523540e-03 -2.516654545207036353e+00 7.736773857771120366e-04 -8.632400156906271105e-03 9.999629149843654030e-01 1.501265003442650254e+02
9.991729082860023592e-01 -4.066716747789438091e-02 -5.985306770046303114e-04 -5.342696542441084384e-01 4.066988687741072972e-02 9.991560886156175547e-01 5.791383663241420759e-03 -2.540637295343906921e+00 3.625056317173655377e-04 -5.810937226553445668e-03 9.999830030983801743e-01 1.514555219676791182e+02
9.992569216875454297e-01 -3.853740030133782912e-02 1.083117564979660906e-04 -5.455351312974616729e-01 3.853666935018507794e-02 9.992499246286677961e-01 3.883146857910989291e-03 -2.554200524485182200e+00 -2.578773244076225076e-04 -3.876074109469806669e-03 9.999921536837867997e-01 1.527915678808173254e+02
9.993249105983288416e-01 -3.672009200068591939e-02 1.185041642322861525e-03 -5.482694241920056388e-01 3.671609425864555409e-02 9.993206747049975247e-01 3.219243840268150303e-03 -2.575081509283136505e+00 -1.302447116383301847e-03 -3.173567530360263053e-03 9.999944146966733838e-01 1.541254810321215984e+02
9.992678022669142512e-01 -3.823861710739159120e-02 1.590452845698358143e-03 -5.527270792875980110e-01 3.822814586253711622e-02 9.992495885532437505e-01 6.160684644656332261e-03 -2.601683305947795066e+00 -1.824840564754173864e-03 -6.095378394411496772e-03 9.999796091798419662e-01 1.554851517688524609e+02
9.991916721537199564e-01 -4.014600926148315096e-02 2.009481001405154666e-03 -5.464933658881522271e-01 4.012661992697955093e-02 9.991545003005644077e-01 8.914428776245080649e-03 -2.628315496663465201e+00 -2.365663131579826082e-03 -8.826587812083248191e-03 9.999578275457154941e-01 1.568368259103399396e+02
9.990855663126411157e-01 -4.269432185502376742e-02 2.231377341823683174e-03 -5.377753180971603930e-01 4.266789250730226857e-02 9.990304326137606772e-01 1.080514493935173792e-02 -2.648791263719123101e+00 -2.690530446425551045e-03 -1.070010322418722855e-02 9.999390010735981216e-01 1.581825947616781320e+02
9.989815503019952025e-01 -4.507071060548945018e-02 2.036083651291213832e-03 -5.302838089485950590e-01 4.504503220572912692e-02 9.989214367176105780e-01 1.125852614962973529e-02 -2.663613539665291796e+00 -2.541311161896710104e-03 -1.115532589550183480e-02 9.999350129803941112e-01 1.595304946063353100e+02
9.990614364368626266e-01 -4.320725874475101619e-02 3.044780527669040376e-03 -5.370913975659646900e-01 4.316797901017906114e-02 9.989962672560623869e-01 1.196132764646729366e-02 -2.669162034447955190e+00 -3.558545637632075809e-03 -1.181871491257854324e-02 9.999242963070750223e-01 1.608754401850279407e+02
9.991534101087393704e-01 -4.095412777691528200e-02 4.024349053988993813e-03 -5.367697666014388247e-01 4.090770760151867663e-02 9.991021016363140772e-01 1.100579055152927505e-02 -2.677423641052876668e+00 -4.471472880827252923e-03 -1.083188800317560520e-02 9.999314882549462657e-01 1.622354627223905084e+02
9.992364259596101528e-01 -3.874518524211328224e-02 4.980062902696101405e-03 -5.377080083339415006e-01 3.869612754289330353e-02 9.992049361469196311e-01 9.595024685422627250e-03 -2.689032894874129997e+00 -5.347863017773688346e-03 -9.394993100096088456e-03 9.999416378934704586e-01 1.635864880007333682e+02
9.993164536092137284e-01 -3.652125152354133986e-02 5.732393613160884603e-03 -5.365095242299973144e-01 3.647197570368305997e-02 9.992988328463699998e-01 8.470102412740529441e-03 -2.701387007024604436e+00 -6.037715192483625315e-03 -8.255238132683133390e-03 9.999477135444164722e-01 1.649374913591807115e+02
9.993934224053061532e-01 -3.436124361851822934e-02 5.630799061421542899e-03 -5.359849306083956932e-01 3.430850326476161255e-02 9.993689807677429426e-01 9.212797688673220881e-03 -2.716579791628555007e+00 -5.943806018695117765e-03 -9.014022957651642021e-03 9.999415968269509403e-01 1.662893737572138946e+02
9.994453699202602293e-01 -3.277404822892677344e-02 5.870508255291572580e-03 -5.326239234823233470e-01 3.271517543273854550e-02 9.994160422627644813e-01 9.860295310435054222e-03 -2.735032783469756090e+00 -6.190236676435319219e-03 -9.662774795338190115e-03 9.999345878169751956e-01 1.676392331775001026e+02
9.995655598406841813e-01 -2.896326049726726665e-02 5.382567903541891907e-03 -5.299426289162189052e-01 2.892189609755982382e-02 9.995521795576625124e-01 7.619311998576626041e-03 -2.765512417839170123e+00 -5.600833031945155228e-03 -7.460333908551766355e-03 9.999562606016532129e-01 1.690121854436381454e+02
9.996637282457413454e-01 -2.545078356385072071e-02 4.944175463790501969e-03 -5.292114119152667717e-01 2.542508286928179401e-02 9.996632806924254933e-01 5.202186709577364017e-03 -2.794821153939857528e+00 -5.074916793831305006e-03 -5.074730731969665821e-03 9.999739910618331562e-01 1.703831552745556621e+02
9.997558233794996418e-01 -2.164168442856536506e-02 4.359077871052855109e-03 -5.353546133885428437e-01 2.162487047552180686e-02 9.997584431575121666e-01 3.866959445083334879e-03 -2.816382423440988880e+00 -4.441714208635274240e-03 -3.771754601105088440e-03 9.999827334629882714e-01 1.717471216247350014e+02
9.998157664585320958e-01 -1.863080108580151412e-02 4.660668009277744127e-03 -5.382450644061134160e-01 1.860748972290403314e-02 9.998145537393894333e-01 5.001852985328384196e-03 -2.824747228462074489e+00 -4.752996545624128995e-03 -4.914212377729638634e-03 9.999766798020782721e-01 1.731260291733931354e+02
9.998576142750961182e-01 -1.592284511973228803e-02 5.525543256913425377e-03 -5.440382955892049122e-01 1.588204501698551457e-02 9.998466901258776796e-01 7.338112275813411106e-03 -2.839423284986866136e+00 -5.641537817709769975e-03 -7.249306823124267163e-03 9.999576955990262528e-01 1.744908144594691635e+02
9.998695333534767249e-01 -1.529155197927683021e-02 5.173521574375762599e-03 -5.474978595980902751e-01 1.524222358953133613e-02 9.998388226286450964e-01 9.434934747007265796e-03 -2.849836741628340331e+00 -5.316964624044686130e-03 -9.354847463900209381e-03 9.999416440178783283e-01 1.758636576328710532e+02
9.998635617388866859e-01 -1.595756542432312172e-02 4.322420050499507782e-03 -5.479498596042970959e-01 1.591277324100964785e-02 9.998208571702287273e-01 1.021002459110298584e-02 -2.868080590319441292e+00 -4.484577713453320735e-03 -1.013988385009440343e-02 9.999385810908845151e-01 1.772425270368594283e+02
9.998516895023323858e-01 -1.700009514195649496e-02 2.708682889893393800e-03 -5.474256337277574325e-01 1.697168557163685962e-02 9.998038870757465224e-01 1.018058536664445159e-02 -2.891500735371294262e+00 -2.881218376689809613e-03 -1.013309868893357696e-02 9.999444234219210248e-01 1.786264150171578819e+02
9.998498824353508896e-01 -1.728298590275957961e-02 9.328184529996747442e-04 -5.550016247783396972e-01 1.727577666102100840e-02 9.998239322679169927e-01 7.262509806247200404e-03 -2.896136978789576322e+00 -1.058170034552371585e-03 -7.245322267895661604e-03 9.999731852967321810e-01 1.799746121242385470e+02
9.998829881647177675e-01 -1.530920914605374966e-02 -5.535702576549182078e-04 -5.645155537784758426e-01 1.531119722104627018e-02 9.998750386160614179e-01 3.817528131928141742e-03 -2.917973035791302738e+00 4.950579661001828450e-04 -3.825566560551642726e-03 9.999929732192206489e-01 1.813737116385060801e+02
9.999340112612291609e-01 -1.140362893700569424e-02 -1.272066374646644302e-03 -5.757973094910733280e-01 1.140657854157896799e-02 9.999320777095903612e-01 2.293624261722563944e-03 -2.935227682175388875e+00 1.245831259051715170e-03 -2.307989572966372138e-03 9.999969110291807572e-01 1.827677240308299815e+02
9.999970346230410145e-01 1.809474047737194558e-03 -1.454348757161284898e-03 -5.943252306765102189e-01 -1.805500959510911510e-03 9.999949484448821257e-01 2.723329402957486850e-03 -3.068573569387196276e+00 1.459267103163353714e-03 -2.720691207504975350e-03 9.999950169320768190e-01 1.841557867919027842e+02
9.999990665598204043e-01 8.996440353358000491e-04 -1.351439650093678177e-03 -6.074148536568051426e-01 -8.918481996247687449e-04 9.999829268897435508e-01 5.763300679994145040e-03 -3.037542384257439831e+00 1.356601153533833898e-03 -5.762081813288928885e-03 9.999820065504360089e-01 1.855618768895092217e+02
9.999900484013125590e-01 -4.305311260532029144e-03 -1.212728117036389417e-03 -6.168997223139494057e-01 4.312753731967048504e-03 9.999709769868363463e-01 6.212503538066839644e-03 -3.096799025600990962e+00 1.185950680580902250e-03 -6.217680077074310210e-03 9.999799746118511745e-01 1.869564612320792207e+02
9.999790612926295896e-01 -6.312133186207864385e-03 -1.263849595351076429e-03 -6.263383892962421928e-01 6.322659568079813663e-03 9.999439710691377936e-01 8.497932889220606578e-03 -3.066436338846356247e+00 1.210137518629201235e-03 -8.505747262803859537e-03 9.999629676382326693e-01 1.883625874659942667e+02
9.999720727234244766e-01 -7.352568784716609698e-03 -1.361914037974768172e-03 -6.337294017623226194e-01 7.365500588976422840e-03 9.999249655309955243e-01 9.754772208111144732e-03 -3.059380578206195356e+00 1.290089976446350765e-03 -9.764536608513266561e-03 9.999519617455798759e-01 1.897726051743970856e+02
9.999720544889356688e-01 -7.441445169333330001e-03 -1.097849154144558796e-03 -6.346518610302552821e-01 7.452377482283950236e-03 9.999189679658821994e-01 1.032159449396990482e-02 -3.080324688170527292e+00 1.020960584050845023e-03 -1.032946715597724691e-02 9.999459775451821075e-01 1.911694542542601312e+02
9.999660576605471363e-01 -8.193439388866888620e-03 -1.181247227206239786e-03 -6.372011842164249096e-01 8.205254650219654527e-03 9.999119711662841636e-01 1.038516150255013731e-02 -3.100886329695406118e+00 1.096058024709662066e-03 -1.039445390323800143e-02 9.999449711731683843e-01 1.925733405113363119e+02
9.999490123812954101e-01 -1.003533111975124167e-02 -7.587553174024434756e-04 -6.382215370625212714e-01 1.004296156422893396e-02 9.998899889678434239e-01 1.089494828933670889e-02 -3.117207007194563673e+00 6.493380580294293072e-04 -1.090198808457210934e-02 9.999399986508610283e-01 1.939772243773153662e+02
9.999189923201198260e-01 -1.267820398456541431e-02 -7.098524741667228870e-04 -6.360767131997843160e-01 1.268593030272534630e-02 9.998459953238908460e-01 1.215209375305308787e-02 -3.132391346454668213e+00 5.556766427744858289e-04 -1.216010431018399798e-02 9.999260123559892133e-01 1.953940747572317775e+02
9.998739224265612568e-01 -1.588119648582372867e-02 -2.398509723549834796e-04 -6.359184766467878003e-01 1.588295573509500291e-02 9.997950023039483547e-01 1.255952349766940000e-02 -3.145304853037479198e+00 4.033956760957806750e-05 -1.256182828381705030e-02 9.999210752694902560e-01 1.968059878857593219e+02
9.998849425856114470e-01 -1.516480956093703598e-02 -1.732867356339873538e-04 -6.383691031907712254e-01 1.516573202465008180e-02 9.998430032700530434e-01 9.172162419112660572e-03 -3.161111052997336746e+00 3.416534181130751174e-05 -9.173736168375469860e-03 9.999580541443355841e-01 1.982381132788293030e+02
9.999599541669855762e-01 -8.872269370834075589e-03 7.194176346179948466e-04 -6.590167161439485222e-01 8.868928953322705380e-03 9.999499793590465035e-01 4.518103068247716382e-03 -3.174200311418291065e+00 -7.594675304941467643e-04 -4.511540364513869257e-03 9.999890664739679025e-01 1.996593267916171328e+02
9.999939581469766692e-01 2.615441834051745670e-03 2.160542249998243999e-03 -6.612022549264264804e-01 -2.621038479021177772e-03 9.999930853644808382e-01 2.589651905719267920e-03 -3.068683700923201307e+00 -2.153757361384471894e-03 -2.595287963085368774e-03 9.999939564885427234e-01 2.010812193506953349e+02
9.999708475310516986e-01 6.987467928221899327e-03 3.000247748053633517e-03 -6.871780550812243149e-01 -7.009678730159065244e-03 9.999473239712750594e-01 7.457914878808613070e-03 -3.152897778512140814e+00 -2.947972884338420294e-03 -7.478737764881791643e-03 9.999678284976731835e-01 2.025323703130709418e+02
9.999567076678133049e-01 8.295117674242936945e-03 4.215178816237130817e-03 -6.930484770655244153e-01 -8.336612389029697534e-03 9.999155766898029096e-01 9.921939782693001836e-03 -3.179348559113839290e+00 -4.132522824296399819e-03 -9.956644406047788012e-03 9.999417156423836550e-01 2.039700589257427623e+02
9.999647473743541459e-01 7.602914825245840960e-03 3.490735330696523135e-03 -6.962969345446883285e-01 -7.639447897581924316e-03 9.999144755216712310e-01 1.057417790155193091e-02 -3.187378616457753555e+00 -3.410046273978359008e-03 -1.060045644722345907e-02 9.999377771039745788e-01 2.054190113223728531e+02
9.999768344369599493e-01 6.417094509673593183e-03 2.315878803455700789e-03 -6.897567666017321297e-01 -6.442344918646807084e-03 9.999183013386876429e-01 1.106584915479867821e-02 -3.201012547656375329e+00 -2.244678365713972078e-03 -1.108057088010890902e-02 9.999358642243525441e-01 2.068669340694345067e+02
9.999879065474053252e-01 4.620501576886034550e-03 1.410290940960953277e-03 -6.864124593419391740e-01 -4.635563016270232220e-03 9.999301609833303184e-01 1.087124024657414381e-02 -3.220219863848689634e+00 -1.359968382784596799e-03 -1.087768345783238569e-02 9.999399324692643809e-01 2.083088545415347141e+02
9.999889542779381024e-01 4.609339624493712442e-03 9.009703143280103042e-04 -6.923348762938944523e-01 -4.618221582263951075e-03 9.999380942006199646e-01 1.012632322004744685e-02 -3.234050203723312311e+00 -8.542388902089219881e-04 -1.013034055115138304e-02 9.999479515214421133e-01 2.097518452165152496e+02
9.999849864906610319e-01 5.458297421400403263e-03 5.601873658170136933e-04 -7.001281577869563622e-01 -5.463831264634032292e-03 9.999310578357137880e-01 1.042486175285950098e-02 -3.247520907448911753e+00 -5.032457206573706220e-04 -1.042773540151317041e-02 9.999459556736252086e-01 2.111947759694592150e+02
9.999780383736597278e-01 6.582940433638250974e-03 6.485987221098888245e-05 -7.083080072297256446e-01 -6.583243396301946895e-03 9.999129935834466520e-01 1.143009088125051392e-02 -3.261542607049491505e+00 1.038998949772770375e-05 -1.143021619714438240e-02 9.999349680428935017e-01 2.126496629722284979e+02
9.999760689244373557e-01 6.877710574957346043e-03 -2.304281364527318958e-04 -7.162550031855494659e-01 -6.874557565779903720e-03 9.999079504251304762e-01 1.167131210031297286e-02 -3.276606353137532235e+00 3.106790415788661212e-04 -1.166940850553999272e-02 9.999319806504319841e-01 2.141125851374586091e+02
9.999730737549475945e-01 7.325638254033473712e-03 -3.111234579587175068e-04 -7.249822945333491697e-01 -7.321797422088953747e-03 9.999139405128522062e-01 1.092054252174582546e-02 -3.293912740506085068e+00 3.910953784639520131e-04 -1.091796583544243221e-02 9.999399857322003315e-01 2.155725476272904473e+02
9.999741112260088771e-01 7.104314626582884998e-03 -8.245178875608543279e-04 -7.275774722162602348e-01 -7.095399264499886033e-03 9.999208746151894145e-01 1.035806995278424833e-02 -3.312626141669903213e+00 8.980359164044286226e-04 -1.035192938102075244e-02 9.999460141588019102e-01 2.170434916252052062e+02
9.999751444832261082e-01 7.008356747169047427e-03 -1.189078432082073342e-03 -7.356626326490667278e-01 -6.995377423642888670e-03 9.999198242384395030e-01 1.058878927843034078e-02 -3.325060493222809388e+00 1.263190666085708697e-03 -1.058022683609658766e-02 9.999430312783341712e-01 2.185124343023995834e+02
9.999761802798793342e-01 6.753038375087705089e-03 -1.656355390845727507e-03 -7.457030261386106140e-01 -6.735389234694693847e-03 9.999227663435149571e-01 1.044414862852024485e-02 -3.336118513503043559e+00 1.726753867564327378e-03 -1.043272980369325427e-02 9.999440533766053019e-01 2.199844112349044849e+02
9.999751915330151730e-01 6.840051410332538551e-03 -1.816350545868320159e-03 -7.538117583243977293e-01 -6.820989060932994286e-03 9.999237464039468781e-01 1.030267848544857978e-02 -3.351276239381065558e+00 1.886680594921663102e-03 -1.029005986838313520e-02 9.999450620630377928e-01 2.214593540236818399e+02
9.999682312210791402e-01 7.593571586716248850e-03 -2.242844242576650955e-03 -7.664637283705628690e-01 -7.570057684704660853e-03 9.999176754362982811e-01 1.031355314693084210e-02 -3.366478613725966351e+00 2.320980994583957124e-03 -1.029617219317988282e-02 9.999440933426223532e-01 2.229352928511113987e+02
9.999622742694189714e-01 8.229011658834392909e-03 -2.708633108261432158e-03 -7.771129242960683747e-01 -8.200568706131240379e-03 9.999125976746678912e-01 1.034899573889871104e-02 -3.386667526070658241e+00 2.793552383732887841e-03 -1.032643001757842412e-02 9.999431280559132329e-01 2.244151940539561281e+02
9.999553045814510988e-01 8.928430651003021676e-03 -2.953554958210192777e-03 -7.896071817862471143e-01 -8.896787559590490016e-03 9.999045402938990801e-01 1.055678387419023943e-02 -3.401298738487540163e+00 3.047526183618351047e-03 -1.052996524564467871e-02 9.999401551246497322e-01 2.258961232499716800e+02
9.999563337582177969e-01 8.788964735421034638e-03 -3.282834149150956442e-03 -8.006068476726601046e-01 -8.753654295051361417e-03 9.999054939219639282e-01 1.062069888519526564e-02 -3.419481767506134418e+00 3.375867785359338170e-03 -1.059153138227863535e-02 9.999381723198181859e-01 2.273850354533786060e+02
9.999583219433278991e-01 8.496108465127966136e-03 -3.207093030154781720e-03 -8.100929451751361920e-01 -8.461996572815074294e-03 9.999095158875996869e-01 1.049915560010377183e-02 -3.436611168822909068e+00 3.296004327994886841e-03 -1.047162523922118282e-02 9.999401621690722219e-01 2.288729610800763510e+02
9.999653165229106522e-01 7.672387820129843508e-03 -3.117119158993618844e-03 -8.209915946290493594e-01 -7.638556008289013044e-03 9.999135428687623284e-01 1.072047901991349944e-02 -3.451281607265535456e+00 3.199102505876277175e-03 -1.069630581965627832e-02 9.999381406083268642e-01 2.303648843696335007e+02
9.999713568882993009e-01 6.832150680413170626e-03 -3.314047313232275707e-03 -8.289848390115309718e-01 -6.793230770383929321e-03 9.999095115407956591e-01 1.161683952402637818e-02 -3.460855142755249414e+00 3.393110639837592160e-03 -1.159404424723515722e-02 9.999271315709049590e-01 2.318618063307118291e+02
9.999743649922083755e-01 6.356381067569236154e-03 -3.261746444610614647e-03 -8.392195466103816726e-01 -6.316372995766116050e-03 9.999065166129772475e-01 1.213272375603189658e-02 -3.471326977141932613e+00 3.338563765087176026e-03 -1.211186750518616732e-02 9.999211183948143455e-01 2.333617427352504308e+02
9.999733886553334727e-01 6.447722149011634110e-03 -3.526004239990224859e-03 -8.513890733895266294e-01 -6.404811406625071993e-03 9.999064780837785271e-01 1.205219950686432957e-02 -3.485054579914977690e+00 3.603390265078157927e-03 -1.202924940686484444e-02 9.999211332608879399e-01 2.348616958050930918e+02
9.999693383703407434e-01 7.157725335990421447e-03 -3.095389410113680902e-03 -8.637991991791843516e-01 -7.121322326871152783e-03 9.999075342003925781e-01 1.161031012342338478e-02 -3.502862583279027664e+00 3.178204748091790349e-03 -1.158788716541544507e-02 9.999281274292667332e-01 2.363576335233092607e+02
9.999613388994257335e-01 8.316614319051009521e-03 -2.870603586485611595e-03 -8.771741016467256014e-01 -8.281260438501992019e-03 9.998925275546660663e-01 1.211240872041949822e-02 -3.518699456563664896e+00 2.971029958126811862e-03 -1.208815748980736349e-02 9.999221335459080873e-01 2.378585319700882224e+02
9.999583438416255188e-01 8.863787188668707101e-03 -2.316620376229008588e-03 -8.896794388260979014e-01 -8.829672630317413062e-03 9.998575567452805402e-01 1.434972130357512442e-02 -3.522148771720686966e+00 2.443492871195245952e-03 -1.432868407031515426e-02 9.998940994130938176e-01 2.393704116590229773e+02
9.999552726745802866e-01 9.308793220597433651e-03 -1.502438350449888764e-03 -8.998653946429667760e-01 -9.284585185509458202e-03 9.998386807090996475e-01 1.538646101838270913e-02 -3.528883472427289281e+00 1.645419936746589113e-03 -1.537182087819204644e-02 9.998800466163201284e-01 2.408793346827312121e+02
9.999472070328836448e-01 1.024727305636493994e-02 -1.018767620852777025e-03 -9.080464370309003774e-01 -1.023142099797834208e-02 9.998427726083856104e-01 1.450561176020873956e-02 -3.540722731967476555e+00 1.167241984425676895e-03 -1.449435579081973999e-02 9.998940203587308728e-01 2.423873398709549463e+02
9.999431241107145096e-01 1.062058190554510118e-02 -4.132328392975213242e-04 -9.162656570580157700e-01 -1.061425408627438179e-02 9.998578951000096637e-01 1.307061445454793178e-02 -3.552989451080742267e+00 5.519928106084376427e-04 -1.306546129127437832e-02 9.999149807892757646e-01 2.439013734640591053e+02
9.999371316030881696e-01 1.123961513210427685e-02 -4.432436328473378048e-04 -9.239561595885651402e-01 -1.123284519710182096e-02 9.998518860727478863e-01 1.306971427010732330e-02 -3.563148375438129900e+00 5.900763270834557313e-04 -1.306391310143716414e-02 9.999149823241639812e-01 2.454183436135525938e+02
9.999351446529261001e-01 1.140714921709310055e-02 -4.278169216376864412e-04 -9.306856531857623516e-01 -1.139987026860513931e-02 9.998328795108604172e-01 1.428929626424807475e-02 -3.572932653478790410e+00 5.907459541361159781e-04 -1.428345436477847404e-02 9.998979758362133152e-01 2.469392421419120467e+02
9.999281461105248292e-01 1.202486643246562618e-02 -3.225259764737290705e-04 -9.375256918107176540e-01 -1.201861483640912290e-02 9.998138917179650864e-01 1.508992185207539208e-02 -3.584213469354535331e+00 5.039193606900616105e-04 -1.508492959757797881e-02 9.998859621715101564e-01 2.484601538721691441e+02
9.999202029347111775e-01 1.263712362147501045e-02 -6.937732400954456542e-04 -9.444328776873218700e-01 -1.262477375501066916e-02 9.997998049258958186e-01 1.553178028295545618e-02 -3.595662528454725226e+00 8.899072958614211940e-04 -1.552181142047645915e-02 9.998789921393929081e-01 2.499870921102572652e+02
9.999052231658245304e-01 1.371702065655000871e-02 -7.579600005568423466e-04 -9.510980425284056849e-01 -1.370334120959864135e-02 9.997827782001423857e-01 1.571562812385595559e-02 -3.605016603589604074e+00 9.733643467240917120e-04 -1.570371760852726922e-02 9.998759986340330919e-01 2.515130572751341163e+02
9.998882370350506976e-01 1.495434196129442200e-02 -7.513576923677511539e-04 -9.608448176298106658e-01 -1.494041392683571542e-02 9.997607652678034418e-01 1.600445556931257354e-02 -3.617260295762529054e+00 9.905107146833142667e-04 -1.599139669401423297e-02 9.998719976971459644e-01 2.530449960796453865e+02
9.998791934402816439e-01 1.556534655938042466e-02 -3.589495163458370809e-04 -9.681753089338497320e-01 -1.555755440993645752e-02 9.997488526589350943e-01 1.613471680204458039e-02 -3.621106763383016958e+00 6.100022498248716240e-04 -1.612709490013964492e-02 9.998699539007833703e-01 2.545749986790046080e+02
9.998792201947783731e-01 1.554898724892116862e-02 -5.280927123968485147e-04 -9.754794947642932978e-01 -1.553820937155922684e-02 9.997438094109434292e-01 1.645969198760399016e-02 -3.627146199296499063e+00 7.838877859021003806e-04 -1.644949566289309953e-02 9.998639703942782120e-01 2.561099804353076479e+02
9.998912565090978255e-01 1.471673974515977368e-02 -7.967975127822683832e-04 -9.810394322264115452e-01 -1.470112659462118054e-02 9.997487468574081104e-01 1.694546609011553587e-02 -3.624812941587552739e+00 1.045976385586604857e-03 -1.693193152758614567e-02 9.998559966334937821e-01 2.576450132022181947e+02
9.999122410103166159e-01 1.322595468402384608e-02 -7.401766948540360134e-04 -9.837287719797395136e-01 -1.321112846634264412e-02 9.997617711155426523e-01 1.734804190516432004e-02 -3.628625697102934478e+00 9.694442693606809738e-04 -1.733675762836206849e-02 9.998489878741407821e-01 2.591810010086414877e+02
9.999342484683736432e-01 1.145944075151445612e-02 -9.538502271693395564e-04 -9.876654192899173568e-01 -1.144156901140902169e-02 9.997897443095472569e-01 1.701385633185964127e-02 -3.634367470842008174e+00 1.148617892159720880e-03 -1.700177759664167274e-02 9.998550072220789842e-01 2.607180237972980308e+02
9.999462123470324038e-01 1.036355366507600052e-02 -8.355894674856709139e-04 -9.932933085369636261e-01 -1.034850265610076474e-02 9.998137888889292446e-01 1.631653328985559204e-02 -3.648236189086529357e+00 1.004532760202274432e-03 -1.630707123074403436e-02 9.998669987640381729e-01 2.622560069259665170e+02
9.999551805802056048e-01 9.409924609003073731e-03 -5.805025817487084435e-04 -9.972157496210700689e-01 -9.398524128029201938e-03 9.998068413844861668e-01 1.723840544002331471e-02 -3.656844124612746771e+00 7.426027858452394432e-04 -1.723215643598659946e-02 9.998509780353083132e-01 2.637919267101713672e+02
9.999691460650889097e-01 7.873330452524725590e-03 -3.379296402870958548e-04 -1.003532845151556829e+00 -7.865588197062980264e-03 9.997918921647883650e-01 1.880344528779585508e-02 -3.653124460844165533e+00 4.859050170236471579e-04 -1.880019292295268679e-02 9.998229617701225314e-01 2.653328969360357519e+02
9.999830730080153662e-01 5.818907434726645206e-03 1.062536196098868907e-05 -1.008479927829352363e+00 -5.818048411101353623e-03 9.997999719014762920e-01 1.912294507321985956e-02 -3.660089651511491127e+00 1.006513342123341813e-04 -1.912269077830202127e-02 9.998169550905081637e-01 2.668748643268111209e+02
9.999900598405173646e-01 4.462721144647728913e-03 -1.467123836667211289e-05 -1.015605531779188775e+00 -4.461671663766094559e-03 9.998189729446771423e-01 1.851562096773798002e-02 -3.669359129707750800e+00 9.729936159722925543e-05 -1.851533424847251821e-02 9.998289672148054086e-01 2.684158780763062282e+02
9.999889290402514952e-01 4.590037884494864440e-03 8.706456950157568297e-04 -1.021395829462112825e+00 -4.605269472954262935e-03 9.998201342602751618e-01 1.837152461773261872e-02 -3.672315733181002795e+00 -7.861633356332727897e-04 -1.837535908026144069e-02 9.998309366994734271e-01 2.699548972927806290e+02
9.999808049522252995e-01 5.907405792672846753e-03 1.782292330178644616e-03 -1.027797668572320466e+00 -5.939573228155855394e-03 9.998093151632985176e-01 1.862197830812143545e-02 -3.673183638490544300e+00 -1.671941646131877958e-03 -1.863218524346011221e-02 9.998248798844759921e-01 2.714949073489868852e+02
9.999686905429550077e-01 7.405965788173046391e-03 2.668320317777550001e-03 -1.035377633080851734e+00 -7.453845509990645810e-03 9.998025063672455470e-01 1.840668255804460418e-02 -3.677882852740309794e+00 -2.531472066205910434e-03 -1.842602506045280808e-02 9.998268030897993208e-01 2.730339189184643374e+02
9.999505098816939830e-01 9.067164056271686048e-03 3.996178608851114894e-03 -1.037649915305762116e+00 -9.139225691396983889e-03 9.997888171805127122e-01 1.840069946062214065e-02 -3.682440693962337530e+00 -3.828491178410928231e-03 -1.843632241005164693e-02 9.998226729377934774e-01 2.745709101113904467e+02
9.999434237152666771e-01 9.616967029583433496e-03 4.612882066086515173e-03 -1.039849344819486543e+00 -9.700292304858464110e-03 9.997839661572904824e-01 1.839606705957204727e-02 -3.688271363598912611e+00 -4.434966170266689892e-03 -1.843980985153601329e-02 9.998206101274428326e-01 2.761099011771296432e+02
9.999312749488562524e-01 1.024273067521460842e-02 5.780119546629383480e-03 -1.038041756276104399e+00 -1.034475129342203766e-02 9.997862241653083792e-01 1.789172463392397702e-02 -3.697834149942587523e+00 -5.595624236272832459e-03 -1.795022478181395112e-02 9.998235008858353812e-01 2.776508862487499982e+02
9.999393010838047990e-01 9.353664409771528590e-03 5.762084375894698830e-03 -1.037860227751022268e+00 -9.450911012366721570e-03 9.998091514994794649e-01 1.708787433346343337e-02 -3.701797521610456609e+00 -5.601150566569992363e-03 -1.714125691264785367e-02 9.998375474167158217e-01 2.791839468537291395e+02
9.999371230716226355e-01 8.930155469204240082e-03 6.847544015086231423e-03 -1.040766094544619769e+00 -9.049291994024381142e-03 9.998043831938563386e-01 1.756709552083568493e-02 -3.708455641335955733e+00 -6.689331107461423190e-03 -1.762800079333798342e-02 9.998224937345208119e-01 2.807168953481348694e+02
9.999388749347470906e-01 7.573535445075232908e-03 8.024914990670907466e-03 -1.035329974813654630e+00 -7.722569695266813181e-03 9.997956259007577673e-01 1.870802495966921580e-02 -3.712389200115659538e+00 -7.881577806978472614e-03 -1.876889281480143695e-02 9.997924991644949744e-01 2.822598177358813132e+02
9.999519034447197363e-01 6.074406428184847898e-03 7.720807664341601366e-03 -1.025789191776725673e+00 -6.218258534625166131e-03 9.998044860966127656e-01 1.874510243757632547e-02 -3.721456640514572811e+00 -7.605433253615101127e-03 -1.879214692613448076e-02 9.997946104586674654e-01 2.838107910484687295e+02
9.999539328595274945e-01 5.139120324247003005e-03 8.108875095054497023e-03 -1.017984878443830343e+00 -5.277499857610393891e-03 9.998394096812938114e-01 1.713652123337269101e-02 -3.730645539021894219e+00 -8.019502491209995823e-03 -1.717852864634921914e-02 9.998206574591784745e-01 2.853578549074719604e+02
9.999581000481887472e-01 5.006904219351362983e-03 7.701432172920251278e-03 -1.010871600141750593e+00 -5.123633742246816794e-03 9.998712142962744576e-01 1.521196152500297986e-02 -3.736051831935423451e+00 -7.624282843762451856e-03 -1.525080956403274991e-02 9.998546856555368123e-01 2.868979758145746359e+02
9.999652044430517028e-01 4.620518949298983713e-03 6.976554200328855329e-03 -1.006882098317368968e+00 -4.723872420639898401e-03 9.998780602207527624e-01 1.487029198849715121e-02 -3.739534031424408766e+00 -6.906994244612909423e-03 -1.490272890372260940e-02 9.998647353361954648e-01 2.884400200818856206e+02
9.999732459481758262e-01 3.367944375855075681e-03 6.488602648364176148e-03 -1.000532235236498035e+00 -3.465103741116278349e-03 9.998809362159898351e-01 1.501964228402814794e-02 -3.748196019615857910e+00 -6.437251528415170732e-03 -1.504170699006606750e-02 9.998658178358341697e-01 2.899839930361189317e+02
9.999793570572661494e-01 3.095716643182177749e-03 5.589052994323120103e-03 -9.963093241166330882e-01 -3.178881789330335189e-03 9.998837899734509538e-01 1.493484077509449337e-02 -3.756129089827251910e+00 -5.542173103998804425e-03 -1.495233415884707553e-02 9.998728529692826328e-01 2.915359920899437611e+02
9.999813994386342886e-01 3.172679021211670738e-03 5.276168219440412373e-03 -9.939636403636847861e-01 -3.250656374426489151e-03 9.998847430392581170e-01 1.483568643293206243e-02 -3.764050074448684668e+00 -5.228484489563464677e-03 -1.485251772298470246e-02 9.998758575221076139e-01 2.930929847262064527e+02
9.999844971347844336e-01 3.217248259139323524e-03 4.448260335287176383e-03 -9.931135988050293628e-01 -3.283216156303602265e-03 9.998836279074173605e-01 1.490486603816547524e-02 -3.769985058879000039e+00 -4.399789994901248495e-03 -1.491926738588228961e-02 9.998788749577981472e-01 2.946519891272366749e+02
9.999896242255426060e-01 3.061217908994866982e-03 3.285021012064149107e-03 -9.946427408593707664e-01 -3.111503295448356590e-03 9.998764688738148720e-01 1.541407055350212107e-02 -3.776308660419305685e+00 -3.237429116266080098e-03 -1.542413047358393192e-02 9.998759069006425415e-01 2.962189695372916844e+02
9.999916798071769586e-01 3.122083604621924899e-03 2.686633610743120910e-03 -9.958524890791338180e-01 -3.165896269655124259e-03 9.998594024513997036e-01 1.646005238478219501e-02 -3.783447028962437564e+00 -2.634865186458744835e-03 -1.646837827825733958e-02 9.998609177414232718e-01 2.977869035599244967e+02
9.999917912104837603e-01 3.706041183626669622e-03 1.754019797646641553e-03 -1.003189195266587896e+00 -3.737269383159031941e-03 9.998282837918943677e-01 1.814769295323479317e-02 -3.788083550072824046e+00 -1.686467073803801483e-03 -1.815411052292643587e-02 9.998339249976220255e-01 2.993628230917500446e+02
9.999897211886757953e-01 4.017178731005537073e-03 2.212767691724126795e-03 -1.012156453313924009e+00 -4.057573501220379519e-03 9.998193739954492898e-01 1.855855493508442450e-02 -3.792132583088118292e+00 -2.137815578285184002e-03 -1.856732772611410787e-02 9.998249048158748264e-01 3.009388076272114745e+02
9.999846004660106757e-01 4.580664635620040892e-03 3.044601940984567254e-03 -1.014536686829451417e+00 -4.636653144330427079e-03 9.998155354564705055e-01 1.864681006691679480e-02 -3.795999776258798697e+00 -2.958630036311317088e-03 -1.866057838869956270e-02 9.998218640775187183e-01 3.025188061236157182e+02
9.999835301562471912e-01 4.451915910412168262e-03 3.493092293409159107e-03 -1.018455459476876213e+00 -4.516479201324504270e-03 9.998146169061912225e-01 1.869664346499729651e-02 -3.797252556677938706e+00 -3.409207540770516943e-03 -1.871206180132703456e-02 9.998188529375616751e-01 3.041188313093123838e+02
9.999884297246831588e-01 2.222562597473068391e-03 4.189036419308048501e-03 -1.011098733721011778e+00 -2.296770457574823579e-03 9.998386559355009195e-01 1.779328297534081560e-02 -3.799218804029428576e+00 -4.148818572219550686e-03 -1.780269986193741896e-02 9.998329143398158037e-01 3.057189017760338743e+02
9.999894055630644818e-01 2.522308390526424582e-04 4.573605360456367563e-03 -1.006568569750972753e+00 -3.270811305425749133e-04 9.998656064016033795e-01 1.637169994370271664e-02 -3.807093888898733347e+00 -4.568859952991841458e-03 -1.637297258691520693e-02 9.998559880353320439e-01 3.073129663510163141e+02
9.999894247039411432e-01 -6.026932978512901384e-04 4.662202552399958080e-03 -1.001280266466104685e+00 5.311590767264600527e-04 9.998825532719067821e-01 1.532853978563650764e-02 -3.811982994388875223e+00 -4.670898737851428111e-03 -1.532589116701351534e-02 9.998720220241520407e-01 3.089090325526138940e+02
9.999967197514948447e-01 8.279128942969959243e-04 2.439818092107813845e-03 -9.933672907588134704e-01 -8.642325637131884758e-04 9.998883007300755077e-01 1.492310668167489557e-02 -3.823208812804810286e+00 -2.427190630323851784e-03 -1.492516252333313947e-02 9.998859795184295018e-01 3.105230436043461282e+02
9.999980069128017179e-01 2.221938257680194581e-03 1.559529948516471349e-04 -9.926696088274338248e-01 -2.224057656557884219e-03 9.998820096599519980e-01 1.521560448472272092e-02 -3.830903923682936973e+00 -1.221270120072607233e-04 -1.521590610890997432e-02 9.998839834272466032e-01 3.121330403263138464e+02
9.999949603967881462e-01 3.215391056242302217e-03 5.653457205765863303e-04 -1.008950860100076730e+00 -3.225185387742669774e-03 9.998280771625434049e-01 1.827566116795005871e-02 -3.825205878080607302e+00 -5.064849169268800973e-04 -1.827740484617278519e-02 9.998329624406685490e-01 3.137319387950487908e+02
9.999979636498197433e-01 1.753384287494991547e-03 4.197765916665449279e-04 -1.002044253945971519e+00 -1.762118702849561555e-03 9.997600580382062230e-01 2.181686396680770218e-02 -3.823804937972123508e+00 -3.814218604656695343e-04 -2.181759971121223149e-02 9.997619783119742198e-01 3.153677703805506667e+02
9.999988193504215639e-01 1.129699831885974670e-03 1.161210647197501947e-03 -1.004209196603427001e+00 -1.155683737156921673e-03 9.997432012142482005e-01 2.262891859844590181e-02 -3.818485488254661497e+00 -1.135348759612066607e-03 -2.263021623840462057e-02 9.997429794353303034e-01 3.169957918812398816e+02
9.999998244103862621e-01 3.706752018165695300e-04 1.100591214518346602e-03 -1.004932789393419901e+00 -3.948883960364218959e-04 9.997561826421664799e-01 2.207282054644502112e-02 -3.819500400966794107e+00 -1.092141528912916101e-03 -2.207327830344247427e-02 9.997559929474472140e-01 3.186258628137558730e+02
9.999987286411452514e-01 -1.916302461193938877e-04 1.621974604285676821e-03 -1.007608905636202312e+00 1.563762467379110899e-04 9.997642673647354483e-01 2.170593443450585108e-02 -3.819070689774063165e+00 -1.625757795157304611e-03 -2.170557354180040546e-02 9.997630039941191038e-01 3.202469255694717276e+02
9.999987254036390993e-01 -9.758062789405608228e-05 1.658307840780242444e-03 -1.008602996721922551e+00 6.183407063395547631e-05 9.997682729962813486e-01 2.154538873032148596e-02 -3.816696328643742753e+00 -1.660023640509675734e-03 -2.154522985075450758e-02 9.997660016000794458e-01 3.218739949678062544e+02
9.999976306633343581e-01 3.520531099779396905e-04 2.211124414709156414e-03 -1.010342328391512501e+00 -4.001587952684078353e-04 9.997623797632474441e-01 2.179225394165829402e-02 -3.824521704728095273e+00 -2.202931608168011597e-03 -2.179316909136292182e-02 9.997599895734181619e-01 3.234969594902502195e+02
9.999944622275364070e-01 1.085286521930645814e-03 3.249019801346425974e-03 -1.016692374494442275e+00 -1.155138038820217872e-03 9.997665746047342816e-01 2.157184073532478902e-02 -3.823050334359126445e+00 -3.224850369358141320e-03 -2.157544536763731508e-02 9.997619631677292507e-01 3.251120156435057993e+02
9.999904290592538381e-01 2.350316078457087912e-03 3.599977597807264059e-03 -1.019535456683642538e+00 -2.425754181917682759e-03 9.997746544647592160e-01 2.109989964261597267e-02 -3.823640244968150359e+00 -3.549565430437240723e-03 -2.110842763718364171e-02 9.997709164759871481e-01 3.267370800601892142e+02
9.999861732354123900e-01 2.034878111254377619e-03 4.857656820918864263e-03 -1.015635561425893396e+00 -2.141864502066015766e-03 9.997529202548771643e-01 2.212146767722535448e-02 -3.826306104047549450e+00 -4.811435146426015601e-03 -2.213157439304470897e-02 9.997439065097102340e-01 3.283490208243719621e+02
9.999922860027501414e-01 5.455989917533161926e-04 3.941488349848663864e-03 -1.009791060918994621e+00 -6.369022320307365925e-04 9.997307369526710064e-01 2.320006773172088310e-02 -3.814505645363134079e+00 -3.927765237183759341e-03 -2.320233457907629193e-02 9.997229770445787977e-01 3.299740898022026840e+02
9.999922907496466840e-01 -3.752888911080169004e-04 3.871827146848379371e-03 -1.006654044803274362e+00 2.858823346005750013e-04 9.997336973153109208e-01 2.306627769969041633e-02 -3.812027751708622070e+00 -3.879450171903953311e-03 -2.306497318397645116e-02 9.997260119350424024e-01 3.315931575499671453e+02
9.999891636147575369e-01 -1.904403334511452217e-04 4.596860574960624606e-03 -1.004202452046344174e+00 8.509126299723231146e-05 9.997378315089030520e-01 2.290883265775896238e-02 -3.809117856550388037e+00 -4.600020621286082280e-03 -2.290821311818327932e-02 9.997270048763393646e-01 3.332102201620788833e+02
9.999913356482535987e-01 7.807160466836663565e-04 4.022854973230719292e-03 -1.007035713862128867e+00 -8.657273538990335054e-04 9.997756970332312143e-01 2.117615527063870101e-02 -3.785936003527492488e+00 -4.005416091686319485e-03 -2.117955482441345044e-02 9.997679673185151383e-01 3.348165465377982173e+02
9.999864067882946461e-01 2.949466316292823076e-03 4.203784094849932935e-03 -1.018428130528057585e+00 -3.027586903285299502e-03 9.998207074660260263e-01 1.870174160237150079e-02 -3.797703317271691859e+00 -4.147870823580315607e-03 -1.871419773527213323e-02 9.998158857456792559e-01 3.364156591768630165e+02
9.999906403715537184e-01 3.488674919211450648e-03 2.673443995490481020e-03 -1.024002154902181605e+00 -3.538598453440724642e-03 9.998154548488777937e-01 1.890511291735988419e-02 -3.792730895411974501e+00 -2.607002098140827687e-03 -1.891436904672173791e-02 9.998179047795683339e-01 3.380297471261819737e+02
9.999906972157098783e-01 3.852262422685780868e-03 2.086746994815198968e-03 -1.024766937732010774e+00 -3.896697974845219486e-03 9.997563952660609710e-01 2.172419864204769638e-02 -3.791343159829536180e+00 -2.002550738868588351e-03 -2.173204465663010343e-02 9.997619075182291315e-01 3.396396320520067889e+02
9.999867557328232515e-01 4.865501085929755873e-03 1.682441946430946432e-03 -1.030205169985928038e+00 -4.905399493237188463e-03 9.996853523703330691e-01 2.457930617779352164e-02 -3.786206008076214768e+00 -1.562323075332394846e-03 -2.458723165211018982e-02 9.996968918968435203e-01 3.412455393011817364e+02
9.999802019890797755e-01 6.279552536967557969e-03 -4.673048584239274648e-04 -1.047317955592681926e+00 -6.266231104667979723e-03 9.996798384693265094e-01 2.449527899228306702e-02 -3.782886776084957603e+00 6.209747389174986344e-04 -2.449191760599497142e-02 9.996999595415938522e-01 3.428556447559877256e+02
9.999764699304446447e-01 6.521890777783503207e-03 -1.951203549862779970e-03 -1.057129804159245623e+00 -6.474940068782018485e-03 9.997104982810109952e-01 2.316933545495953109e-02 -3.789098975089967958e+00 2.101738833663269624e-03 -2.315615112974988427e-02 9.997300317885442489e-01 3.444527470844329855e+02
9.999788439054136946e-01 5.150815023847701152e-03 -3.950980781457483562e-03 -1.066171936102126239e+00 -5.055843037138921248e-03 9.997070600590782785e-01 2.368153096137870159e-02 -3.785346111045984507e+00 4.071799821805323523e-03 -2.366111412636560246e-02 9.997120960355081465e-01 3.460528092794945110e+02
9.999800469125906810e-01 4.178159895551657871e-03 -4.825342638727529027e-03 -1.074788077978126699e+00 -4.057144710682967712e-03 9.996838518678834440e-01 2.482371378061954195e-02 -3.786122223278605148e+00 4.927536229279168289e-03 -2.480362947041020796e-02 9.996801012195256630e-01 3.476397852467416101e+02
9.999829864153386705e-01 3.567300599953443507e-03 -4.620891409990672723e-03 -1.083896075099877176e+00 -3.452770218085701379e-03 9.996919327128940269e-01 2.456265953786607170e-02 -3.783003061395187938e+00 4.707091173437893440e-03 -2.454634251341019160e-02 9.996880808717675260e-01 3.492238669839001091e+02
9.999820285151572730e-01 3.255367033585197453e-03 -5.017986970402022948e-03 -1.097546691846701172e+00 -3.134861547843597815e-03 9.997108876828367796e-01 2.383771921120242387e-02 -3.783049861716583528e+00 5.094141059277451818e-03 -2.382156609451166474e-02 9.997030838020058985e-01 3.508319639851882812e+02
9.999859469395852019e-01 2.636699531080874750e-03 -4.678513727473739697e-03 -1.113530691677695250e+00 -2.525363416577563330e-03 9.997169914699913784e-01 2.364737365592439050e-02 -3.775258134546586763e+00 4.739540478336997167e-03 -2.363519352987961467e-02 9.997090615904233868e-01 3.524110760690427355e+02
9.999840005983249291e-01 2.564939497993114215e-03 -4.993228812171631760e-03 -1.121876539656422533e+00 -2.446798079210133273e-03 9.997199345820466654e-01 2.352478194338770284e-02 -3.771543589651748185e+00 5.052170408195718471e-03 -2.351227384579471225e-02 9.997110648196284588e-01 3.540161594047857534e+02
9.999849870253603168e-01 1.914104648219261059e-03 -5.063302367369282991e-03 -1.134665994136539569e+00 -1.796597032390717316e-03 9.997309640376255135e-01 2.311013328642847614e-02 -3.774882798949023233e+00 5.106179667676531871e-03 -2.310076592908444360e-02 9.997200489370140497e-01 3.556062085026773616e+02
9.999878696025142899e-01 1.473625811084932832e-03 -4.615025449976882174e-03 -1.153247408295640319e+00 -1.369872144154408306e-03 9.997480970641804410e-01 2.240367314238407570e-02 -3.776561759997269618e+00 4.646883192885069985e-03 -2.239712416438581835e-02 9.997380333333054647e-01 3.571782845471041128e+02
9.999879034563192715e-01 1.044592146116980064e-03 -4.848506659965562925e-03 -1.166062675108665792e+00 -9.360492591748773017e-04 9.997500714095183261e-01 2.233615422866135417e-02 -3.776217092504028816e+00 4.870635245768080261e-03 -2.233131439719672484e-02 9.997390251341622402e-01 3.587703405648994703e+02
9.999888190789136821e-01 1.465814703870789090e-03 -4.422064229078698575e-03 -1.179525137163475179e+00 -1.368206185691549226e-03 9.997571494657646607e-01 2.199329236058956624e-02 -3.766898826391150035e+00 4.453233007121280146e-03 -2.198704916970971313e-02 9.997480314553216507e-01 3.603434715322983379e+02
9.999878728446863763e-01 9.998255384381371513e-04 -4.777862900862464395e-03 -1.191459514437678946e+00 -8.949149771680514620e-04 9.997591035158597261e-01 2.191044944709041875e-02 -3.769444436191788483e+00 4.798620612618678845e-03 -2.190589669196542008e-02 9.997480236394536979e-01 3.619395084437855417e+02
9.999878941381105113e-01 6.283060594244535557e-05 -4.904893905213025644e-03 -1.198302583657776532e+00 4.590924423236893148e-05 9.997541060632733068e-01 2.216673465071410803e-02 -3.764496487481296949e+00 4.905076202791969382e-03 -2.216670276130714920e-02 9.997419997986161100e-01 3.635355733771509108e+02
9.999897897282190584e-01 -1.137771249040975437e-03 -4.319303495352428378e-03 -1.209884605307809835e+00 1.235116477484538532e-03 9.997442357252319667e-01 2.259871725551027694e-02 -3.761292112745258986e+00 4.292483430721197139e-03 -2.260380455610721748e-02 9.997349745465488047e-01 3.651146085781260240e+02
9.999878222882222500e-01 -1.769591643242318831e-03 -4.542592425185761409e-03 -1.219437436231128657e+00 1.871834554535031780e-03 9.997432192707783605e-01 2.259961248427327235e-02 -3.756932759583244241e+00 4.501432700573454807e-03 -2.260778604481560386e-02 9.997339584409992153e-01 3.667026873460369529e+02
9.999936704623387795e-01 2.587761602605570532e-04 -3.663190016992703881e-03 -1.235926699706844101e+00 -1.780141122628611100e-04 9.997573265294870115e-01 2.203156128614341958e-02 -3.757420517680163830e+00 3.667999930958720615e-03 -2.203083976389919735e-02 9.997510030081739885e-01 3.683017602177851586e+02
9.999917229611912095e-01 1.455633698610226540e-03 -3.762018736101430897e-03 -1.246822598869678611e+00 -1.370105070936922936e-03 9.997432526274424580e-01 2.263475871627311856e-02 -3.749396276971590058e+00 3.794001320977704889e-03 -2.262945952307394981e-02 9.997370244113663595e-01 3.698968282052874201e+02
9.999926383370528749e-01 2.265827000643119010e-03 -3.094994705386650349e-03 -1.261061877630966332e+00 -2.192209059288272727e-03 9.997193337706548055e-01 2.358777008585112231e-02 -3.742846821170045857e+00 3.147568823869358046e-03 -2.358078947190496086e-02 9.997170278922924425e-01 3.714848560514926135e+02
9.999906728201349848e-01 2.834124334701702483e-03 -3.227186630909202863e-03 -1.274949140864614305e+00 -2.757059418080893762e-03 9.997162900428239185e-01 2.364220730335329923e-02 -3.741157068758464099e+00 3.293273252778458962e-03 -2.363315214203063133e-02 9.997150371370409072e-01 3.730849141093801791e+02
9.999906224282827383e-01 3.264379495444889520e-03 -2.984756702310169523e-03 -1.287362925267332203e+00 -3.194029538188336917e-03 9.997243391735185503e-01 2.327613409883879866e-02 -3.743425200523788021e+00 3.059909939532794425e-03 -2.326637777765725237e-02 9.997250383981987065e-01 3.746899656531400069e+02
9.999904924675713236e-01 3.711315319447384964e-03 -2.309752070430720269e-03 -1.299591971211617514e+00 -3.657536444481163107e-03 9.997314802521556354e-01 2.286906239500254706e-02 -3.740894489864470707e+00 2.394008088975788096e-03 -2.286032913154416660e-02 9.997360272802728876e-01 3.762920490139542267e+02
9.999884586499532269e-01 4.260089805709419211e-03 -2.070634128409112786e-03 -1.307384648835978824e+00 -4.211314044904657106e-03 9.997265177122057755e-01 2.301368943926156846e-02 -3.736506000406422334e+00 2.168106420133703374e-03 -2.300468942612624371e-02 9.997330236378410007e-01 3.779031143464629849e+02
9.999853410607271176e-01 5.204999197794933294e-03 -1.344316787264347160e-03 -1.325062799736420160e+00 -5.172257058645733652e-03 9.997146571094974732e-01 2.330755332663635854e-02 -3.734236337970253672e+00 1.465249616916165353e-03 -2.330022156119138099e-02 9.997270018297754746e-01 3.795111535764541486e+02
9.999813299797732924e-01 5.961967923975877021e-03 -1.216280145470512077e-03 -1.331855783267264393e+00 -5.931754978300318379e-03 9.997066731723989186e-01 2.348486465425487710e-02 -3.731208015109841458e+00 1.355939488087733874e-03 -2.347714072132223509e-02 9.997229968478276163e-01 3.811262080639107808e+02
9.999733116524771592e-01 7.221423121433133765e-03 -1.025104712288893438e-03 -1.343178190627473123e+00 -7.195298194210386633e-03 9.996967015031781312e-01 2.353977064105263611e-02 -3.724927991352684042e+00 1.194776061859421272e-03 -2.353171705071903375e-02 9.997219868443444346e-01 3.827382950446378800e+02
9.999611303267227358e-01 8.764947369873883620e-03 2.454275872860512721e-05 -1.350567466091872282e+00 -8.763158401779264431e-03 9.996949492439718421e-01 2.311144280018658653e-02 -3.720176185091502052e+00 1.780360697346298690e-04 -2.311073014499714570e-02 9.997329204293052829e-01 3.843463893099279289e+02
9.999542036438883175e-01 9.606238950864095377e-03 -2.968791808285786748e-04 -1.357269497619775223e+00 -9.596710429491079469e-03 9.996818614911232581e-01 2.332289441167527747e-02 -3.721007421161158124e+00 5.208295749905590688e-04 -2.331897383306075211e-02 9.997279348649881214e-01 3.859594191970436441e+02
9.999460963294897198e-01 1.041646255854146962e-02 3.634209738456562291e-04 -1.366381337112948291e+00 -1.042217487255447592e-02 9.996500268103569731e-01 2.430642713274373812e-02 -3.714435904067077576e+00 -1.101071372974435640e-04 -2.430886590348288814e-02 9.997048768601534130e-01 3.875664426496138617e+02
9.999411159242375113e-01 1.085476911493124877e-02 3.234974667367689267e-04 -1.370897295971442498e+00 -1.085950449870391743e-02 9.996220132957897020e-01 2.525786452800608123e-02 -3.712012548323412542e+00 -4.920715148928894592e-05 -2.525993114527908673e-02 9.996808707799730298e-01 3.891814444823460803e+02
9.999340864943934148e-01 1.150362874065877228e-02 5.082349472538540093e-04 -1.381487943652452977e+00 -1.151274695131659573e-02 9.996220639528117236e-01 2.498012964905141700e-02 -3.708200562071592099e+00 -2.206815698717783710e-04 -2.498440202904380833e-02 9.996878495527948827e-01 3.908055343449281054e+02
9.999279013713850972e-01 1.188461861145801574e-02 1.455353016013697688e-03 -1.384919011693841906e+00 -1.191737162800882155e-02 9.996133357016299126e-01 2.512794901778360804e-02 -3.707361264804793777e+00 -1.156154153399355233e-03 -2.514356090006683586e-02 9.996827629269849913e-01 3.924215625038150392e+02
